8.096978e-01
9.357480e-01
7.597740e-01
6.696311e-01
6.854137e-01
7.838112e-01
1.007920e+00
4.862271e-01
7.114554e-01
6.499243e-01
6.394842e-01
7.431624e-01
9.668895e-01
8.830379e-01
9.813949e-01
6.845813e-01
7.030830e-01
8.296230e-01
9.149832e-01
7.190483e-01
6.611825e-01
7.440099e-01
6.794340e-01
9.530442e-01
8.731886e-01
7.625974e-01
6.726276e-01
8.271279e-01
7.142770e-01
5.755293e-01
7.472705e-01
9.116486e-01
8.593201e-01
7.845646e-01
9.270560e-01
8.860170e-01
7.768779e-01
7.508658e-01
6.273315e-01
9.727044e-01
7.042064e-01
5.992347e-01
9.416141e-01
8.401400e-01
8.936139e-01
8.712106e-01
7.812499e-01
8.813463e-01
7.693426e-01
9.265573e-01
7.394509e-01
9.266930e-01
8.652811e-01
9.449522e-01
9.202489e-01
8.967080e-01
6.406555e-01
7.035460e-01
6.714376e-01
8.593165e-01
9.209593e-01
9.790170e-01
7.027409e-01
8.449025e-01
8.489916e-01
9.929371e-01
7.965451e-01
8.740355e-01
8.557441e-01
9.409626e-01
8.866650e-01
8.779090e-01
9.025054e-01
6.699522e-01
8.753613e-01
8.610269e-01
8.372705e-01
8.458954e-01
8.067697e-01
7.221534e-01
5.978851e-01
8.790549e-01
8.553442e-01
8.415030e-01
9.410931e-01
9.070573e-01
8.978892e-01
8.134833e-01
7.473960e-01
5.784935e-01
7.534555e-01
6.967997e-01
6.905159e-01
8.959970e-01
7.132352e-01
9.114627e-01
8.228219e-01
8.886461e-01
8.267241e-01
8.842825e-01
8.232364e-01
8.269819e-01
8.269389e-01
8.454019e-01
9.016890e-01
6.978121e-01
6.982561e-01
7.566421e-01
7.682485e-01
8.541713e-01
8.071701e-01
8.918179e-01
9.021177e-01
8.121440e-01
6.735022e-01
6.106705e-01
7.050241e-01
5.335597e-01
5.744593e-01
7.340552e-01
5.984724e-01
6.166039e-01
6.459230e-01
6.687132e-01
9.658377e-01
7.107400e-01
8.224132e-01
7.386740e-01
8.919638e-01
5.618366e-01
8.601370e-01
8.748175e-01
8.595206e-01
7.400566e-01
7.626514e-01
7.713337e-01
6.825194e-01
7.654196e-01
8.493566e-01
8.699753e-01